품목군,연도,없음,있음
밥류,2018,23.1,76.9
밥류,2019,11.5,88.5
밥류,2020,10.1,89.9
면류,2018,6.4,93.6
면류,2019,2.7,97.3
면류,2020,1.7,98.3
국류,2018,34.8,65.2
국류,2019,17.2,82.8
국류,2020,16.7,83.3
찌개/탕류,2018,37.2,62.8
찌개/탕류,2019,21.0,79.0
찌개/탕류,2020,16.3,83.7
죽/스프류,2018,35.4,64.6
죽/스프류,2019,24.3,75.7
죽/스프류,2020,21.0,79.0
육류,2018,14.9,85.1
육류,2019,8.0,92.0
육류,2020,5.5,94.5
수산물,2018,34.6,65.4
수산물,2019,26.7,73.3
수산물,2020,18.4,81.6
만두/피자류,2018,6.1,93.9
만두/피자류,2019,2.8,97.2
만두/피자류,2020,1.8,98.2
소스류,2018,21.4,78.6
소스류,2019,12.4,87.6
소스류,2020,10.9,89.1
앙념류,2018,34.7,65.3
앙념류,2019,23.3,76.7
앙념류,2020,19.7,80.3
